index,interval(ms),time(ms),command_slave,position_slave,speed_slave,command_master,position_master,speed_master,force_slave,elapsed_time(ms),command_slave_amps,position_slave_deg,command_master_amps,position_master_deg
0,0,3228,0,-3193,-2.1,2,-4927,-2.2,0.59,0,-2.0019550342130987,-1122.5390625,-2.0,-1732.1484375
1,13,3241,0,-3728,-2.6,2,-4122,-2.7,0.41,13,-2.0019550342130987,-1310.625,-2.0,-1449.140625
2,15,3256,0,-560,-0.5,2,-508,-0.8,0.61,28,-2.0019550342130987,-196.875,-2.0,-178.59375
3,13,3269,0,-2497,-3.3,2,-3271,-1.0,0.5,41,-2.0019550342130987,-877.8515625,-2.0,-1149.9609375
4,14,3283,0,-697,-5.1,2,-2291,-6.3,0.02,55,-2.0019550342130987,-245.0390625,-2.0,-805.4296875
5,14,3297,0,-4067,-0.1,2,-4722,-1.4,0.56,69,-2.0019550342130987,-1429.8046875,-2.0,-1660.078125
6,13,3310,0,-903,-0.4,2,-1488,-4.3,0.51,82,-2.0019550342130987,-317.4609375,-2.0,-523.125
7,14,3324,0,-2367,-2.1,2,-851,-2.1,0.49,96,-2.0019550342130987,-832.1484375,-2.0,-299.1796875
8,14,3338,0,-3033,-2.8,2,-3607,-1.4,0.66,110,-2.0019550342130987,-1066.2890625,-2.0,-1268.0859375
9,14,3352,0,-3255,-5.2,2,-909,-3.6,0.68,124,-2.0019550342130987,-1144.3359375,-2.0,-319.5703125
10,13,3365,0,-4999,-3.7,2,-3292,-0.6,0.35,137,-2.0019550342130987,-1757.4609375,-2.0,-1157.34375
11,15,3380,0,-3510,-2.6,2,-2804,-5.0,0.44,152,-2.0019550342130987,-1233.984375,-2.0,-985.78125
12,14,3394,0,-2278,-1.4,2,-1451,-4.6,0.36,166,-2.0019550342130987,-800.859375,-2.0,-510.1171875
13,14,3408,0,-3147,-6.3,2,-2592,-1.2,0.62,180,-2.0019550342130987,-1106.3671875,-2.0,-911.25
14,14,3422,0,-4702,-2.9,2,-1365,-5.7,0.28,194,-2.0019550342130987,-1653.046875,-2.0,-479.8828125
15,14,3436,0,-186,-0.7,2,-464,-1.5,0.48,208,-2.0019550342130987,-65.390625,-2.0,-163.125
16,13,3449,0,-885,-4.6,2,-4371,-4.9,0.21,221,-2.0019550342130987,-311.1328125,-2.0,-1536.6796875
17,15,3464,0,-805,-4.5,2,-4596,-3.9,0.58,236,-2.0019550342130987,-283.0078125,-2.0,-1615.78125
18,14,3478,0,-2812,-2.7,2,-495,-6.8,0.22,250,-2.0019550342130987,-988.59375,-2.0,-174.0234375
19,13,3491,0,-3434,-6.4,2,-4663,-5.2,0.31,263,-2.0019550342130987,-1207.265625,-2.0,-1639.3359375
20,15,3506,0,-3499,-6.3,2,-1129,-3.2,0.27,278,-2.0019550342130987,-1230.1171875,-2.0,-396.9140625
21,14,3520,0,-642,-0.3,2,-2603,-1.6,0.37,292,-2.0019550342130987,-225.703125,-2.0,-915.1171875
22,13,3533,0,-3391,-1.9,2,-255,-4.5,0.1,305,-2.0019550342130987,-1192.1484375,-2.0,-89.6484375
23,15,3548,0,-3702,-6.8,2,-4601,-1.2,0.24,320,-2.0019550342130987,-1301.484375,-2.0,-1617.5390625
24,13,3561,0,-4740,-0.3,2,-3406,-2.2,0.35,333,-2.0019550342130987,-1666.40625,-2.0,-1197.421875
25,14,3575,0,-4032,-5.7,2,-470,-1.4,0.4,347,-2.0019550342130987,-1417.5,-2.0,-165.234375
26,15,3590,0,-2058,-2.5,2,-2918,-4.8,0.2,362,-2.0019550342130987,-723.515625,-2.0,-1025.859375
27,13,3603,0,-1179,-5.5,2,-288,-2.9,0.12,375,-2.0019550342130987,-414.4921875,-2.0,-101.25
28,14,3617,0,-1410,-1.9,2,-262,-2.3,0.53,389,-2.0019550342130987,-495.703125,-2.0,-92.109375
29,15,3632,0,-210,-1.0,2,-4321,-6.5,0.41,404,-2.0019550342130987,-73.828125,-2.0,-1519.1015625
30,13,3645,0,-2028,-4.2,2,-905,-1.1,0.07,417,-2.0019550342130987,-712.96875,-2.0,-318.1640625
31,14,3659,0,-4777,-4.1,2,-3240,-2.5,0.58,431,-2.0019550342130987,-1679.4140625,-2.0,-1139.0625
32,15,3674,0,-3877,-1.4,2,-4187,-4.0,0.28,446,-2.0019550342130987,-1363.0078125,-2.0,-1471.9921875
33,13,3687,0,-906,-2.0,2,-2156,-3.4,0.47,459,-2.0019550342130987,-318.515625,-2.0,-757.96875
34,14,3701,0,-4774,-0.6,2,-3637,-0.2,0.62,473,-2.0019550342130987,-1678.359375,-2.0,-1278.6328125
35,14,3715,0,-410,-5.0,2,-4841,-3.7,0.34,487,-2.0019550342130987,-144.140625,-2.0,-1701.9140625
36,14,3729,0,-2615,-4.3,2,-4728,-0.1,0.36,501,-2.0019550342130987,-919.3359375,-2.0,-1662.1875
37,14,3743,0,-2615,-5.4,2,-115,-3.7,0.59,515,-2.0019550342130987,-919.3359375,-2.0,-40.4296875
38,14,3757,0,-1856,-5.2,2,-4265,-4.5,0.37,529,-2.0019550342130987,-652.5,-2.0,-1499.4140625
39,14,3771,0,-1466,-6.8,2,-3989,-0.1,0.49,543,-2.0019550342130987,-515.390625,-2.0,-1402.3828125
40,14,3785,0,-4756,-1.5,2,-1182,-1.4,0.37,557,-2.0019550342130987,-1672.03125,-2.0,-415.546875
41,14,3799,0,-3185,-3.9,2,-4967,-0.1,0.26,571,-2.0019550342130987,-1119.7265625,-2.0,-1746.2109375
42,14,3813,0,-447,-5.3,2,-4175,-1.0,0.06,585,-2.0019550342130987,-157.1484375,-2.0,-1467.7734375
43,14,3827,0,-4789,-2.2,2,-1623,-0.9,0.67,599,-2.0019550342130987,-1683.6328125,-2.0,-570.5859375
44,14,3841,0,-2665,-0.2,2,-2005,-2.4,0.16,613,-2.0019550342130987,-936.9140625,-2.0,-704.8828125
45,14,3855,0,-2561,-0.6,2,-669,-0.4,0.14,627,-2.0019550342130987,-900.3515625,-2.0,-235.1953125
46,14,3869,0,-1128,-2.0,2,-4906,-5.6,0.27,641,-2.0019550342130987,-396.5625,-2.0,-1724.765625
47,14,3883,0,-211,-0.3,2,-1985,-2.7,0.21,655,-2.0019550342130987,-74.1796875,-2.0,-697.8515625
48,14,3897,0,-4320,-4.5,2,-3145,-2.4,0.4,669,-2.0019550342130987,-1518.75,-2.0,-1105.6640625
49,14,3911,0,-1498,-5.4,2,-1892,-6.1,0.34,683,-2.0019550342130987,-526.640625,-2.0,-665.15625
50,13,3924,0,-2156,-5.2,2,-4192,-3.3,0.4,696,-2.0019550342130987,-757.96875,-2.0,-1473.75
51,15,3939,0,-151,-2.7,2,-4269,-4.9,0.2,711,-2.0019550342130987,-53.0859375,-2.0,-1500.8203125
52,14,3953,0,-4581,-3.5,2,-2991,-7.0,0.65,725,-2.0019550342130987,-1610.5078125,-2.0,-1051.5234375
53,13,3966,0,-4777,-4.6,2,-1740,-3.3,0.52,738,-2.0019550342130987,-1679.4140625,-2.0,-611.71875
54,15,3981,0,-2683,-3.5,2,-800,-1.4,0.36,753,-2.0019550342130987,-943.2421875,-2.0,-281.25
55,14,3995,0,-4403,-6.2,2,-2296,-7.0,0.64,767,-2.0019550342130987,-1547.9296875,-2.0,-807.1875
56,13,4008,0,-3024,-6.8,2,-1446,-0.3,0.33,780,-2.0019550342130987,-1063.125,-2.0,-508.359375
57,15,4023,0,-1619,-2.2,2,-2935,-6.2,0.09,795,-2.0019550342130987,-569.1796875,-2.0,-1031.8359375
58,14,4037,0,-1791,-4.1,2,-1447,-0.7,0.24,809,-2.0019550342130987,-629.6484375,-2.0,-508.7109375
59,13,4050,0,-393,-0.7,2,-4678,-5.5,0.19,822,-2.0019550342130987,-138.1640625,-2.0,-1644.609375
60,15,4065,0,-4947,-4.6,2,-370,-2.4,0.01,837,-2.0019550342130987,-1739.1796875,-2.0,-130.078125
61,13,4078,0,-4556,-3.0,2,-4715,-4.4,0.03,850,-2.0019550342130987,-1601.71875,-2.0,-1657.6171875
62,14,4092,0,-1845,-2.7,2,-4443,-3.4,0.69,864,-2.0019550342130987,-648.6328125,-2.0,-1561.9921875
63,15,4107,0,-1734,-1.3,2,-3289,-2.2,0.37,879,-2.0019550342130987,-609.609375,-2.0,-1156.2890625
64,13,4120,0,-181,-5.3,2,-1867,-0.9,0.68,892,-2.0019550342130987,-63.6328125,-2.0,-656.3671875
65,14,4134,0,-1238,-0.7,2,-3803,-4.9,0.63,906,-2.0019550342130987,-435.234375,-2.0,-1336.9921875
66,15,4149,0,-4411,-1.7,2,-1123,-4.6,0.04,921,-2.0019550342130987,-1550.7421875,-2.0,-394.8046875
67,13,4162,0,-3800,-3.6,2,-1040,-5.5,0.58,934,-2.0019550342130987,-1335.9375,-2.0,-365.625
68,14,4176,0,-4520,-2.0,2,-45,-3.4,0.59,948,-2.0019550342130987,-1589.0625,-2.0,-15.8203125
69,15,4191,0,-3762,-3.0,2,-74,-6.5,0.28,963,-2.0019550342130987,-1322.578125,-2.0,-26.015625
70,13,4204,0,-3887,-4.6,2,-407,-4.0,0.49,976,-2.0019550342130987,-1366.5234375,-2.0,-143.0859375
71,14,4218,0,-1582,-6.3,2,-2415,-3.1,0.05,990,-2.0019550342130987,-556.171875,-2.0,-849.0234375
72,14,4232,0,-3437,-2.8,2,-4083,-3.7,0.62,1004,-2.0019550342130987,-1208.3203125,-2.0,-1435.4296875
73,14,4246,0,-2033,-3.3,2,-4731,-1.5,0.28,1018,-2.0019550342130987,-714.7265625,-2.0,-1663.2421875
74,14,4260,0,-527,-3.7,2,-3252,-5.5,0.39,1032,-2.0019550342130987,-185.2734375,-2.0,-1143.28125
75,15,4275,0,-1541,-4.4,2,-1070,-1.6,0.49,1047,-2.0019550342130987,-541.7578125,-2.0,-376.171875
76,13,4288,0,-4027,-6.7,2,-3103,-7.0,0.34,1060,-2.0019550342130987,-1415.7421875,-2.0,-1090.8984375
77,14,4302,0,-4769,-5.0,2,-4797,-2.0,0.59,1074,-2.0019550342130987,-1676.6015625,-2.0,-1686.4453125
78,15,4317,0,-2467,-6.2,2,-2997,-3.4,0.44,1089,-2.0019550342130987,-867.3046875,-2.0,-1053.6328125
79,13,4330,0,-1066,-2.0,2,-121,-0.8,0.53,1102,-2.0019550342130987,-374.765625,-2.0,-42.5390625
80,14,4344,0,-1451,-0.8,2,-3751,-0.9,0.1,1116,-2.0019550342130987,-510.1171875,-2.0,-1318.7109375
81,15,4359,0,-4121,-2.7,2,-30,-2.0,0.56,1131,-2.0019550342130987,-1448.7890625,-2.0,-10.546875
82,13,4372,0,-1350,-5.9,2,-1771,-1.2,0.1,1144,-2.0019550342130987,-474.609375,-2.0,-622.6171875
83,14,4386,0,-4701,-4.0,2,-4379,-5.4,0.49,1158,-2.0019550342130987,-1652.6953125,-2.0,-1539.4921875
84,15,4401,0,-1756,-5.2,2,-2304,-3.9,0.28,1173,-2.0019550342130987,-617.34375,-2.0,-810.0
85,14,4415,0,-3440,-6.2,2,-1249,-6.0,0.18,1187,-2.0019550342130987,-1209.375,-2.0,-439.1015625
86,13,4428,0,-449,-5.9,2,-2795,-2.0,0.44,1200,-2.0019550342130987,-157.8515625,-2.0,-982.6171875
87,15,4443,0,-726,-4.1,2,-4587,-1.0,0.12,1215,-2.0019550342130987,-255.234375,-2.0,-1612.6171875
88,14,4457,0,-2988,-3.7,2,-212,-6.3,0.23,1229,-2.0019550342130987,-1050.46875,-2.0,-74.53125
89,13,4470,0,-3450,-5.6,2,-805,-6.3,0.5,1242,-2.0019550342130987,-1212.890625,-2.0,-283.0078125
90,15,4485,0,-4310,-3.4,2,-2590,-3.7,0.52,1257,-2.0019550342130987,-1515.234375,-2.0,-910.546875
91,14,4499,0,-435,-5.0,2,-1258,-2.7,0.57,1271,-2.0019550342130987,-152.9296875,-2.0,-442.265625
92,13,4512,0,-2693,-4.9,2,-90,-5.0,0.42,1284,-2.0019550342130987,-946.7578125,-2.0,-31.640625
93,15,4527,0,-1873,-6.9,2,-2213,-0.6,0.33,1299,-2.0019550342130987,-658.4765625,-2.0,-778.0078125
94,14,4541,0,-3359,-1.3,2,-4652,-1.8,0.46,1313,-2.0019550342130987,-1180.8984375,-2.0,-1635.46875
95,13,4554,0,-4026,-3.5,2,-3627,-1.0,0.08,1326,-2.0019550342130987,-1415.390625,-2.0,-1275.1171875
96,15,4569,0,-761,-2.6,2,-3695,-0.1,0.35,1341,-2.0019550342130987,-267.5390625,-2.0,-1299.0234375
97,14,4583,0,-811,-4.4,2,-644,-4.6,0.3,1355,-2.0019550342130987,-285.1171875,-2.0,-226.40625
98,13,4596,0,-4102,-5.8,2,-3280,-6.4,0.32,1368,-2.0019550342130987,-1442.109375,-2.0,-1153.125
99,15,4611,0,-1133,-5.8,2,-3061,-2.2,0.22,1383,-2.0019550342130987,-398.3203125,-2.0,-1076.1328125
100,14,4625,0,-4189,-2.4,2,-3109,-1.9,0.17,1397,-2.0019550342130987,-1472.6953125,-2.0,-1093.0078125
101,14,4639,0,-3329,-0.9,2,-2955,-6.0,0.62,1411,-2.0019550342130987,-1170.3515625,-2.0,-1038.8671875
102,14,4653,0,-2842,-2.7,2,-373,-1.0,0.17,1425,-2.0019550342130987,-999.140625,-2.0,-131.1328125
103,14,4667,0,-4437,-5.6,2,-2467,-4.3,0.65,1439,-2.0019550342130987,-1559.8828125,-2.0,-867.3046875
104,14,4681,0,-1205,-0.9,2,-2558,-2.4,0.09,1453,-2.0019550342130987,-423.6328125,-2.0,-899.296875
105,15,4696,0,-1485,-3.6,2,-2399,-6.3,0.11,1468,-2.0019550342130987,-522.0703125,-2.0,-843.3984375
106,14,4710,0,-2897,-5.6,2,-4892,-4.4,0.4,1482,-2.0019550342130987,-1018.4765625,-2.0,-1719.84375
107,13,4723,0,-2985,-5.0,2,-1784,-6.5,0.34,1495,-2.0019550342130987,-1049.4140625,-2.0,-627.1875
108,15,4738,0,-2219,-7.0,2,-4209,-1.1,0.48,1510,-2.0019550342130987,-780.1171875,-2.0,-1479.7265625
109,14,4752,0,-4173,-0.4,2,-3272,-0.5,0.11,1524,-2.0019550342130987,-1467.0703125,-2.0,-1150.3125
110,14,4766,0,-4833,-1.1,2,-4524,-1.4,0.55,1538,-2.0019550342130987,-1699.1015625,-2.0,-1590.46875
111,15,4781,0,-1334,-2.3,2,-4480,-4.6,0.19,1553,-2.0019550342130987,-468.984375,-2.0,-1575.0
112,14,4795,0,-4790,-5.2,2,-1789,-3.6,0.38,1567,-2.0019550342130987,-1683.984375,-2.0,-628.9453125
113,13,4808,0,-4282,-6.6,2,-3175,-2.3,0.31,1580,-2.0019550342130987,-1505.390625,-2.0,-1116.2109375
114,15,4823,0,-182,-3.6,2,-3175,-4.2,0.59,1595,-2.0019550342130987,-63.984375,-2.0,-1116.2109375
115,14,4837,0,-1971,-0.6,2,-3273,-6.0,0.14,1609,-2.0019550342130987,-692.9296875,-2.0,-1150.6640625
116,14,4851,0,-3460,-3.4,2,-4065,-2.7,0.42,1623,-2.0019550342130987,-1216.40625,-2.0,-1429.1015625
117,15,4866,0,-3135,-1.9,2,-4748,-6.6,0.65,1638,-2.0019550342130987,-1102.1484375,-2.0,-1669.21875
118,13,4879,0,-2763,-1.5,2,-4755,-5.0,0.55,1651,-2.0019550342130987,-971.3671875,-2.0,-1671.6796875
119,14,4893,0,-1808,-5.0,2,-253,-1.3,0.47,1665,-2.0019550342130987,-635.625,-2.0,-88.9453125
120,15,4908,0,-1553,-5.5,2,-3307,-2.1,0.52,1680,-2.0019550342130987,-545.9765625,-2.0,-1162.6171875
121,14,4922,0,-4836,-6.1,2,-1499,-4.5,0.24,1694,-2.0019550342130987,-1700.15625,-2.0,-526.9921875
122,14,4936,0,-42,-2.7,2,-3200,-1.1,0.09,1708,-2.0019550342130987,-14.765625,-2.0,-1125.0
123,14,4950,0,-4783,-2.4,2,-3962,-1.7,0.57,1722,-2.0019550342130987,-1681.5234375,-2.0,-1392.890625
124,14,4964,0,-4064,-3.9,2,-2281,-4.4,0.3,1736,-2.0019550342130987,-1428.75,-2.0,-801.9140625
125,14,4978,0,-1212,-4.1,2,-4013,-6.5,0.13,1750,-2.0019550342130987,-426.09375,-2.0,-1410.8203125
126,15,4993,0,-1088,-3.6,2,-4011,-0.6,0.64,1765,-2.0019550342130987,-382.5,-2.0,-1410.1171875
127,14,5007,0,-2333,-3.1,2,-2385,-5.5,0.34,1779,-2.0019550342130987,-820.1953125,-2.0,-838.4765625
128,14,5021,0,-3339,-1.5,2,-2181,-1.9,0.46,1793,-2.0019550342130987,-1173.8671875,-2.0,-766.7578125
129,14,5035,0,-2302,-1.2,2,-2361,-1.6,0.22,1807,-2.0019550342130987,-809.296875,-2.0,-830.0390625
130,14,5049,0,-4321,-3.5,2,-2609,-5.3,0.24,1821,-2.0019550342130987,-1519.1015625,-2.0,-917.2265625
131,14,5063,0,-635,-1.9,2,-546,-5.4,0.54,1835,-2.0019550342130987,-223.2421875,-2.0,-191.953125
132,15,5078,0,-3297,-2.8,2,-3968,-6.9,0.14,1850,-2.0019550342130987,-1159.1015625,-2.0,-1395.0
133,14,5092,0,-3023,-1.3,2,-1100,-3.1,0.41,1864,-2.0019550342130987,-1062.7734375,-2.0,-386.71875
134,13,5105,0,-253,-1.8,2,-121,-5.3,0.25,1877,-2.0019550342130987,-88.9453125,-2.0,-42.5390625
135,15,5120,0,-952,-0.8,2,-3971,-5.1,0.69,1892,-2.0019550342130987,-334.6875,-2.0,-1396.0546875
136,14,5134,0,-4097,-6.3,2,-4239,-0.8,0.44,1906,-2.0019550342130987,-1440.3515625,-2.0,-1490.2734375
137,14,5148,0,-1379,-3.3,2,-3004,-4.5,0.59,1920,-2.0019550342130987,-484.8046875,-2.0,-1056.09375
138,13,5161,0,-3506,-4.5,2,-2779,-1.8,0.05,1933,-2.0019550342130987,-1232.578125,-2.0,-976.9921875
139,15,5176,0,-3573,-4.8,2,-2556,-3.9,0.51,1948,-2.0019550342130987,-1256.1328125,-2.0,-898.59375
140,14,5190,0,-848,-4.4,2,-1430,-4.7,0.63,1962,-2.0019550342130987,-298.125,-2.0,-502.734375
141,14,5204,0,-2086,-1.1,2,-3234,-5.5,0.17,1976,-2.0019550342130987,-733.359375,-2.0,-1136.953125
142,15,5219,0,-3957,-4.8,2,-914,-4.1,0.63,1991,-2.0019550342130987,-1391.1328125,-2.0,-321.328125
143,13,5232,0,-1590,-3.7,2,-331,-5.5,0.28,2004,-2.0019550342130987,-558.984375,-2.0,-116.3671875
144,14,5246,0,-2689,-5.9,2,-2008,-1.4,0.14,2018,-2.0019550342130987,-945.3515625,-2.0,-705.9375
145,15,5261,0,-3029,-3.1,2,-3630,-3.4,0.54,2033,-2.0019550342130987,-1064.8828125,-2.0,-1276.171875
146,14,5275,0,-2143,-6.7,2,-1672,-1.3,0.34,2047,-2.0019550342130987,-753.3984375,-2.0,-587.8125
147,14,5289,0,-2317,-0.4,2,-1511,-2.9,0.48,2061,-2.0019550342130987,-814.5703125,-2.0,-531.2109375
148,15,5304,0,-289,-0.6,2,-3974,-2.9,0.1,2076,-2.0019550342130987,-101.6015625,-2.0,-1397.109375
149,13,5317,0,-4478,-0.6,2,-3110,-2.6,0.19,2089,-2.0019550342130987,-1574.296875,-2.0,-1093.359375
150,14,5331,0,-3559,-0.3,2,-3821,-5.6,0.18,2103,-2.0019550342130987,-1251.2109375,-2.0,-1343.3203125
151,15,5346,0,-130,-1.9,2,-2419,-1.5,0.45,2118,-2.0019550342130987,-45.703125,-2.0,-850.4296875
152,14,5360,0,-2268,-2.8,2,-2146,-1.1,0.04,2132,-2.0019550342130987,-797.34375,-2.0,-754.453125
153,14,5374,0,-2623,-5.8,2,-990,-2.1,0.07,2146,-2.0019550342130987,-922.1484375,-2.0,-348.046875
154,14,5388,0,-1623,-5.9,2,-1164,-5.0,0.66,2160,-2.0019550342130987,-570.5859375,-2.0,-409.21875
155,14,5402,0,-3888,-5.1,2,-44,-2.0,0.41,2174,-2.0019550342130987,-1366.875,-2.0,-15.46875
156,14,5416,0,-4952,-6.6,2,-956,-3.2,0.58,2188,-2.0019550342130987,-1740.9375,-2.0,-336.09375
157,15,5431,0,-4899,-0.5,2,-179,-0.9,0.12,2203,-2.0019550342130987,-1722.3046875,-2.0,-62.9296875
158,13,5444,0,-1755,-0.9,2,-3943,-3.0,0.22,2216,-2.0019550342130987,-616.9921875,-2.0,-1386.2109375
159,14,5458,0,-4195,-4.7,2,-2863,-2.1,0.15,2230,-2.0019550342130987,-1474.8046875,-2.0,-1006.5234375
160,15,5473,0,-497,-3.9,2,-1325,-1.2,0.52,2245,-2.0019550342130987,-174.7265625,-2.0,-465.8203125
161,14,5487,0,-3511,-2.8,2,-2946,-3.7,0.38,2259,-2.0019550342130987,-1234.3359375,-2.0,-1035.703125
162,14,5501,0,-111,-1.0,2,-3265,-2.5,0.48,2273,-2.0019550342130987,-39.0234375,-2.0,-1147.8515625
163,14,5515,0,-2506,-0.7,2,-2242,-2.8,0.62,2287,-2.0019550342130987,-881.015625,-2.0,-788.203125
164,14,5529,0,-2684,-0.6,2,-3580,-2.0,0.13,2301,-2.0019550342130987,-943.59375,-2.0,-1258.59375
165,14,5543,0,-1632,-1.9,2,-3153,-3.4,0.15,2315,-2.0019550342130987,-573.75,-2.0,-1108.4765625
166,15,5558,0,-2499,-6.6,2,-1872,-4.9,0.42,2330,-2.0019550342130987,-878.5546875,-2.0,-658.125
167,14,5572,0,-2125,-0.7,2,-3129,-5.1,0.37,2344,-2.0019550342130987,-747.0703125,-2.0,-1100.0390625
168,13,5585,0,-1281,-0.9,2,-1180,-5.6,0.68,2357,-2.0019550342130987,-450.3515625,-2.0,-414.84375
169,15,5600,0,-2370,-1.0,2,-1920,-0.7,0.01,2372,-2.0019550342130987,-833.203125,-2.0,-675.0
170,14,5614,0,-1862,-6.8,2,-3956,-6.2,0.56,2386,-2.0019550342130987,-654.609375,-2.0,-1390.78125
171,14,5628,0,-1425,-1.0,2,-1000,-5.4,0.58,2400,-2.0019550342130987,-500.9765625,-2.0,-351.5625
172,15,5643,0,-2630,-0.3,2,-3457,-6.7,0.22,2415,-2.0019550342130987,-924.609375,-2.0,-1215.3515625
173,14,5657,0,-4739,-2.6,2,-600,-7.0,0.07,2429,-2.0019550342130987,-1666.0546875,-2.0,-210.9375
174,13,5670,0,-3143,-5.7,2,-502,-0.6,0.05,2442,-2.0019550342130987,-1104.9609375,-2.0,-176.484375
175,15,5685,0,-3338,-0.1,2,-3390,-0.1,0.62,2457,-2.0019550342130987,-1173.515625,-2.0,-1191.796875
176,14,5699,0,-710,-5.5,2,-4257,-1.5,0.24,2471,-2.0019550342130987,-249.609375,-2.0,-1496.6015625
177,14,5713,0,-3466,-5.5,2,-2679,-6.9,0.51,2485,-2.0019550342130987,-1218.515625,-2.0,-941.8359375
178,14,5727,0,-4749,-4.1,2,-2217,-5.6,0.46,2499,-2.0019550342130987,-1669.5703125,-2.0,-779.4140625
179,14,5741,0,-2121,-2.2,2,-900,-0.3,0.17,2513,-2.0019550342130987,-745.6640625,-2.0,-316.40625
180,14,5755,0,-4122,-3.6,2,-4658,-6.5,0.6,2527,-2.0019550342130987,-1449.140625,-2.0,-1637.578125
181,15,5770,0,-1933,-7.0,2,-4293,-0.4,0.47,2542,-2.0019550342130987,-679.5703125,-2.0,-1509.2578125
182,14,5784,0,-4438,-3.7,2,-3031,-7.0,0.56,2556,-2.0019550342130987,-1560.234375,-2.0,-1065.5859375
183,13,5797,0,-2722,-5.7,2,-4239,-6.0,0.4,2569,-2.0019550342130987,-956.953125,-2.0,-1490.2734375
184,15,5812,0,-3022,-2.0,2,-2606,-3.3,0.55,2584,-2.0019550342130987,-1062.421875,-2.0,-916.171875
185,14,5826,0,-3449,-1.4,2,-1569,-6.6,0.58,2598,-2.0019550342130987,-1212.5390625,-2.0,-551.6015625
186,14,5840,0,-1224,-2.6,2,-748,-5.2,0.36,2612,-2.0019550342130987,-430.3125,-2.0,-262.96875
187,15,5855,0,-3546,-6.1,2,-1972,-5.9,0.11,2627,-2.0019550342130987,-1246.640625,-2.0,-693.28125
188,14,5869,0,-3337,-6.3,2,-976,-1.7,0.54,2641,-2.0019550342130987,-1173.1640625,-2.0,-343.125
189,13,5882,0,-3992,-3.9,2,-4448,-0.2,0.1,2654,-2.0019550342130987,-1403.4375,-2.0,-1563.75
190,15,5897,0,-1641,-2.1,2,-4621,-4.4,0.39,2669,-2.0019550342130987,-576.9140625,-2.0,-1624.5703125
191,14,5911,0,-1513,-5.7,2,-1101,-1.2,0.53,2683,-2.0019550342130987,-531.9140625,-2.0,-387.0703125
192,14,5925,0,-120,-0.4,2,-1717,-1.6,0.54,2697,-2.0019550342130987,-42.1875,-2.0,-603.6328125
193,15,5940,0,-1091,-4.3,2,-3166,-5.1,0.65,2712,-2.0019550342130987,-383.5546875,-2.0,-1113.046875
194,13,5953,0,-349,-3.1,2,-734,-2.3,0.14,2725,-2.0019550342130987,-122.6953125,-2.0,-258.046875
195,14,5967,0,-411,-3.3,2,-2227,-0.9,0.24,2739,-2.0019550342130987,-144.4921875,-2.0,-782.9296875
196,15,5982,0,-2064,-3.6,2,-4565,-3.9,0.18,2754,-2.0019550342130987,-725.625,-2.0,-1604.8828125
197,14,5996,0,-1972,-4.2,2,-930,-4.3,0.64,2768,-2.0019550342130987,-693.28125,-2.0,-326.953125
198,13,6009,0,-911,-5.4,2,-910,-4.9,0.5,2781,-2.0019550342130987,-320.2734375,-2.0,-319.921875
199,15,6024,0,-2537,-6.8,2,-1219,-3.9,0.59,2796,-2.0019550342130987,-891.9140625,-2.0,-428.5546875
200,14,6038,0,-1679,-3.7,2,-4872,-6.0,0.66,2810,-2.0019550342130987,-590.2734375,-2.0,-1712.8125
201,14,6052,0,-1041,-5.6,2,-8,-3.6,0.5,2824,-2.0019550342130987,-365.9765625,-2.0,-2.8125
202,14,6066,0,-1368,-1.1,2,-1223,-2.1,0.18,2838,-2.0019550342130987,-480.9375,-2.0,-429.9609375
203,14,6080,0,-1728,-6.7,2,-919,-5.7,0.42,2852,-2.0019550342130987,-607.5,-2.0,-323.0859375
204,14,6094,0,-1479,-1.4,2,-182,-3.9,0.2,2866,-2.0019550342130987,-519.9609375,-2.0,-63.984375
205,15,6109,0,-4804,-7.0,2,-2296,-4.1,0.04,2881,-2.0019550342130987,-1688.90625,-2.0,-807.1875
206,14,6123,0,-2856,-0.5,2,-4130,-4.4,0.13,2895,-2.0019550342130987,-1004.0625,-2.0,-1451.953125
207,13,6136,0,-2920,-3.2,2,-712,-4.8,0.07,2908,-2.0019550342130987,-1026.5625,-2.0,-250.3125
208,15,6151,0,-2200,-1.8,2,-160,-5.1,0.22,2923,-2.0019550342130987,-773.4375,-2.0,-56.25
209,14,6165,0,-3417,-3.5,2,-4341,-5.2,0.24,2937,-2.0019550342130987,-1201.2890625,-2.0,-1526.1328125
210,14,6179,0,-1439,-2.8,2,-1952,-5.6,0.58,2951,-2.0019550342130987,-505.8984375,-2.0,-686.25
211,15,6194,0,-3619,-4.0,2,-2972,-4.9,0.31,2966,-2.0019550342130987,-1272.3046875,-2.0,-1044.84375
212,13,6207,0,-4131,-1.5,2,-2531,-2.0,0.64,2979,-2.0019550342130987,-1452.3046875,-2.0,-889.8046875
213,14,6221,0,-4077,-2.5,2,-3781,-5.0,0.43,2993,-2.0019550342130987,-1433.3203125,-2.0,-1329.2578125
214,15,6236,0,-3757,-2.4,2,-4131,-2.0,0.53,3008,-2.0019550342130987,-1320.8203125,-2.0,-1452.3046875
215,14,6250,0,-390,-5.8,2,-3936,-5.6,0.55,3022,-2.0019550342130987,-137.109375,-2.0,-1383.75
216,14,6264,0,-481,-5.0,2,-3438,-0.9,0.27,3036,-2.0019550342130987,-169.1015625,-2.0,-1208.671875
217,14,6278,0,-566,-6.1,2,-2910,-4.8,0.16,3050,-2.0019550342130987,-198.984375,-2.0,-1023.046875
218,14,6292,0,-4907,-0.2,2,-4878,-4.9,0.4,3064,-2.0019550342130987,-1725.1171875,-2.0,-1714.921875
219,14,6306,0,-3532,-1.7,2,-2278,-6.1,0.41,3078,-2.0019550342130987,-1241.71875,-2.0,-800.859375
220,15,6321,0,-1207,-5.6,2,-822,-0.4,0.46,3093,-2.0019550342130987,-424.3359375,-2.0,-288.984375
221,14,6335,0,-1659,-3.5,2,-4164,-1.1,0.21,3107,-2.0019550342130987,-583.2421875,-2.0,-1463.90625
222,13,6348,0,-2880,-3.8,2,-4688,-0.4,0.08,3120,-2.0019550342130987,-1012.5,-2.0,-1648.125
223,15,6363,0,-1054,-6.9,2,-2328,-0.9,0.54,3135,-2.0019550342130987,-370.546875,-2.0,-818.4375
224,14,6377,0,-3264,-6.5,2,-393,-3.7,0.35,3149,-2.0019550342130987,-1147.5,-2.0,-138.1640625
225,14,6391,0,-3447,-4.8,2,-2075,-3.0,0.07,3163,-2.0019550342130987,-1211.8359375,-2.0,-729.4921875
226,15,6406,0,-743,-6.7,2,-1705,-6.1,0.68,3178,-2.0019550342130987,-261.2109375,-2.0,-599.4140625
227,13,6419,0,-3742,-6.6,2,-840,-1.2,0.51,3191,-2.0019550342130987,-1315.546875,-2.0,-295.3125
228,14,6433,0,-125,-1.2,2,-708,-1.7,0.47,3205,-2.0019550342130987,-43.9453125,-2.0,-248.90625
229,15,6448,0,-1724,-2.4,2,-4354,-3.7,0.39,3220,-2.0019550342130987,-606.09375,-2.0,-1530.703125
230,14,6462,0,-2516,-1.8,2,-881,-1.8,0.05,3234,-2.0019550342130987,-884.53125,-2.0,-309.7265625
231,13,6475,0,-1141,-4.8,2,-855,-4.4,0.61,3247,-2.0019550342130987,-401.1328125,-2.0,-300.5859375
232,15,6490,0,-2828,-4.2,2,-1000,-3.0,0.27,3262,-2.0019550342130987,-994.21875,-2.0,-351.5625
233,14,6504,0,-3708,-6.5,2,-1072,-3.0,0.17,3276,-2.0019550342130987,-1303.59375,-2.0,-376.875
234,14,6518,0,-2808,-3.7,2,-217,-0.8,0.23,3290,-2.0019550342130987,-987.1875,-2.0,-76.2890625
235,15,6533,0,-991,-5.9,2,-514,-3.7,0.09,3305,-2.0019550342130987,-348.3984375,-2.0,-180.703125
236,13,6546,0,-2469,-4.3,2,-4181,-5.4,0.2,3318,-2.0019550342130987,-868.0078125,-2.0,-1469.8828125
237,14,6560,0,-184,-5.6,2,-246,-2.6,0.02,3332,-2.0019550342130987,-64.6875,-2.0,-86.484375
238,15,6575,0,-3463,-6.4,2,-2703,-4.3,0.3,3347,-2.0019550342130987,-1217.4609375,-2.0,-950.2734375
239,14,6589,0,-2588,-5.9,2,-1769,-5.6,0.66,3361,-2.0019550342130987,-909.84375,-2.0,-621.9140625
